CameraSpeedSetting=1
CameraSpeedScalar=10.997999
GridSize=7.572000
