CameraSpeedSetting=1
CameraSpeedScalar=1.398000
GridSize=39.333000
