CameraSpeedSetting=1
CameraSpeedScalar=0.198000
GridSize=39.333000
