CameraSpeedSetting=1
CameraSpeedScalar=18.198000
GridSize=7.572000
