CameraSpeedSetting=1
CameraSpeedScalar=2.598000
GridSize=151.048004
